121 121 79
-38 4294967258 ffffffda
34 34 22
-70 4294967226 ffffffba
22 22 16
-127 4294967169 ffffff81
68 68 44
-83 4294967213 ffffffad
-86 4294967210 ffffffaa
-110 4294967186 ffffff92
37 37 25
85 85 55
98 98 62
62 62 3e
37 37 25
46 46 2e
-102 4294967194 ffffff9a
54 54 36
-124 4294967172 ffffff84
-104 4294967192 ffffff98
-70 4294967226 ffffffba
-54 4294967242 ffffffca
70 70 46
-116 4294967180 ffffff8c
-121 4294967175 ffffff87
-25 4294967271 ffffffe7
-108 4294967188 ffffff94
-33 4294967263 ffffffdf
-66 4294967230 ffffffbe
24 24 18
-95 4294967201 ffffffa1
-52 4294967244 ffffffcc
20 20 14
-67 4294967229 ffffffbd
-37 4294967259 ffffffdb
107 107 6b
57 57 39
-119 4294967177 ffffff89
47 47 2f
101 101 65
-128 4294967168 ffffff80
-124 4294967172 ffffff84
-127 4294967169 ffffff81
-31 4294967265 ffffffe1
-48 4294967248 ffffffd0
93 93 5d
-70 4294967226 ffffffba
-107 4294967189 ffffff95
-97 4294967199 ffffff9f
5 5 5
-32 4294967264 ffffffe0
-33 4294967263 ffffffdf
54 54 36
69 69 45
-32 4294967264 ffffffe0
81 81 51
53 53 35
-124 4294967172 ffffff84
-21 4294967275 ffffffeb
-109 4294967187 ffffff93
-60 4294967236 ffffffc4
110 110 6e
76 76 4c
44 44 2c
-100 4294967196 ffffff9c
88 88 58
90 90 5a
-84 4294967212 ffffffac
104 104 68
92 92 5c
-24 4294967272 ffffffe8
-92 4294967204 ffffffa4
-47 4294967249 ffffffd1
74 74 4a
95 95 5f
104 104 68
-83 4294967213 ffffffad
79 79 4f
27 27 1b
-23 4294967273 ffffffe9
-116 4294967180 ffffff8c
47 47 2f
34 34 22
43 43 2b
30 30 1e
64 64 40
-33 4294967263 ffffffdf
82 82 52
-46 4294967250 ffffffd2
90 90 5a
84 84 54
-94 4294967202 ffffffa2
88 88 58
-84 4294967212 ffffffac
-52 4294967244 ffffffcc
-115 4294967181 ffffff8d
-85 4294967211 ffffffab
-85 4294967211 ffffffab
-62 4294967234 ffffffc2
-12 4294967284 fffffff4
16 16 10
-68 4294967228 ffffffbc
-90 4294967206 ffffffa6
32 32 20
-48 4294967248 ffffffd0
60 60 3c
-76 4294967220 ffffffb4
-79 4294967217 ffffffb1
40 40 28
64 64 40
121 121 79
85 85 55
-43 4294967253 ffffffd5
39 39 27
-83 4294967213 ffffffad
39 39 27
72 72 48
-85 4294967211 ffffffab
-80 4294967216 ffffffb0
-37 4294967259 ffffffdb
-60 4294967236 ffffffc4
28 28 1c
92 92 5c
-63 4294967233 ffffffc1
106 106 6a
-83 4294967213 ffffffad
78 78 4e
23 23 17
37 37 25
126 126 7e
91 91 5b
85 85 55
-101 4294967195 ffffff9b
-105 4294967191 ffffff97
-24 4294967272 ffffffe8
-47 4294967249 ffffffd1
13 13 d
119 119 77
39 39 27
-94 4294967202 ffffffa2
-46 4294967250 ffffffd2
54 54 36
70 70 46
-123 4294967173 ffffff85
40 40 28
-69 4294967227 ffffffbb
-17 4294967279 ffffffef
68 68 44
-102 4294967194 ffffff9a
95 95 5f
17 17 11
5 5 5
-3 4294967293 fffffffd
-95 4294967201 ffffffa1
-51 4294967245 ffffffcd
-54 4294967242 ffffffca
-110 4294967186 ffffff92
-87 4294967209 ffffffa9
-121 4294967175 ffffff87
-58 4294967238 ffffffc6
14 14 e
85 85 55
-30 4294967266 ffffffe2
-49 4294967247 ffffffcf
68 68 44
40 40 28
-108 4294967188 ffffff94
91 91 5b
-119 4294967177 ffffff89
123 123 7b
8 8 8
-90 4294967206 ffffffa6
-105 4294967191 ffffff97
92 92 5c
-6 4294967290 fffffffa
73 73 49
125 125 7d
-23 4294967273 ffffffe9
-2 4294967294 fffffffe
66 66 42
100 100 64
-5 4294967291 fffffffb
32 32 20
-19 4294967277 ffffffed
-98 4294967198 ffffff9e
90 90 5a
-70 4294967226 ffffffba
-100 4294967196 ffffff9c
101 101 65
-51 4294967245 ffffffcd
126 126 7e
-98 4294967198 ffffff9e
-44 4294967252 ffffffd4
81 81 51
2 2 2
-39 4294967257 ffffffd9
-87 4294967209 ffffffa9
10 10 a
34 34 22
98 98 62
-33 4294967263 ffffffdf
68 68 44
-56 4294967240 ffffffc8
-1 4294967295 ffffffff
-9 4294967287 fffffff7
21 21 15
5 5 5
12 12 c
72 72 48
-31 4294967265 ffffffe1
72 72 48
-107 4294967189 ffffff95
-71 4294967225 ffffffb9
-34 4294967262 ffffffde
99 99 63
97 97 61
45 45 2d
6 6 6
-54 4294967242 ffffffca
49 49 31
107 107 6b
-50 4294967246 ffffffce
-101 4294967195 ffffff9b
52 52 34
-46 4294967250 ffffffd2
-73 4294967223 ffffffb7
-119 4294967177 ffffff89
61 61 3d
67 67 43
-64 4294967232 ffffffc0
-41 4294967255 ffffffd7
58 58 3a
-49 4294967247 ffffffcf
19 19 13
-50 4294967246 ffffffce
-84 4294967212 ffffffac
-2 4294967294 fffffffe
-124 4294967172 ffffff84
21 21 15
-98 4294967198 ffffff9e
-61 4294967235 ffffffc3
-33 4294967263 ffffffdf
23 23 17
-57 4294967239 ffffffc7
-38 4294967258 ffffffda
39 39 27
122 122 7a
-91 4294967205 ffffffa5
10 10 a
39 39 27
-118 4294967178 ffffff8a
121 121 79
-118 4294967178 ffffff8a
100 100 64
8 8 8
-120 4294967176 ffffff88
49 49 31
-1 4294967295 ffffffff
24 24 18
-71 4294967225 ffffffb9
-104 4294967192 ffffff98
101 101 65
-66 4294967230 ffffffbe
65 65 41
-111 4294967185 ffffff91
-7 4294967289 fffffff9
-103 4294967193 ffffff99
42 42 2a
